Точность при моделироапнии e=1e-06- для ограничения бесконечного ряда составляющих
p(0):	199836	0.199836	0.2
p(1):	199831	0.199831	0.2
p(2):	200256	0.200256	0.2
p(3):	200081	0.200081	0.2
p(4):	199967	0.199967	0.2
m1=3	mx=3.00042	mx2=3.00042
mu2=2	sx=1.99938	sx2=2.05673e+13

