Точность при моделироапнии e=1e-05- для ограничения бесконечного ряда составляющих
p(0):	10015	0.10015	0.1
p(1):	10041	0.10041	0.1
p(2):	10060	0.1006	0.1
p(3):	9851	0.09851	0.1
p(4):	10078	0.10078	0.1
p(5):	9925	0.09925	0.1
p(6):	10072	0.10072	0.1
p(7):	10066	0.10066	0.1
p(8):	9940	0.0994	0.1
p(9):	9950	0.0995	0.1
m1=5.5	mx=5.49613	mx2=5.49613
mu2=8.25	sx=8.24733	sx2=1.41843e+13

